MEME version 5.4.1 (Release date: Sat Aug 21 19:23:23 2021 -0700)

ALPHABET= ACGT

strands: + -

A 0.236 C 0.264 G 0.264 T 0.236

MOTIF	AGATGRVAGATAA
letter-probability matrix: alength= 4 w= 13 nsites= 43 E= 3.4e-005 
 0.720930  0.000000  0.093023  0.186047 
 0.162791  0.000000  0.837209  0.000000 
 0.930233  0.000000  0.069767  0.000000 
 0.000000  0.000000  0.139535  0.860465 
 0.000000  0.139535  0.604651  0.255814 
 0.488372  0.046512  0.325581  0.139535 
 0.279070  0.255814  0.372093  0.093023 
 0.767442  0.000000  0.000000  0.232558 
 0.000000  0.000000  1.000000  0.000000 
 1.000000  0.000000  0.000000  0.000000 
 0.046512  0.000000  0.000000  0.953488 
 0.976744  0.000000  0.000000  0.023256 
 1.000000  0.000000  0.000000  0.000000 

