MEME version 5.4.1 (Release date: Sat Aug 21 19:23:23 2021 -0700)

ALPHABET= ACGT

strands: + -

A 0.295 C 0.205 G 0.205 T 0.295

MOTIF	AGATDDDNAGATAAD
letter-probability matrix: alength= 4 w= 15 nsites= 647 E= 3.6e-259 
 0.700155  0.018547  0.000000  0.281298 
 0.000000  0.000000  1.000000  0.000000 
 1.000000  0.000000  0.000000  0.000000 
 0.000000  0.004637  0.000000  0.995363 
 0.222566  0.149923  0.387944  0.239567 
 0.358578  0.131376  0.231839  0.278207 
 0.420402  0.149923  0.213292  0.216383 
 0.270479  0.270479  0.238022  0.221020 
 0.663060  0.032457  0.058733  0.245750 
 0.000000  0.000000  1.000000  0.000000 
 0.976816  0.000000  0.023184  0.000000 
 0.000000  0.000000  0.000000  1.000000 
 0.710974  0.000000  0.023184  0.265842 
 0.584235  0.044822  0.222566  0.148377 
 0.333849  0.151468  0.327666  0.187017 

