MEME version 5.4.1 (Release date: Sat Aug 21 19:23:23 2021 -0700)

ALPHABET= ACGT

strands: + -

A 0.295 C 0.205 G 0.205 T 0.295

MOTIF	TTATCTBYNNVATCT
letter-probability matrix: alength= 4 w= 15 nsites= 503 E= 5.3e-232 
 0.105368  0.180915  0.059642  0.654076 
 0.186879  0.000000  0.000000  0.813121 
 1.000000  0.000000  0.000000  0.000000 
 0.001988  0.000000  0.000000  0.998012 
 0.000000  1.000000  0.000000  0.000000 
 0.300199  0.015905  0.039761  0.644135 
 0.137177  0.306163  0.258449  0.298211 
 0.186879  0.266402  0.115308  0.431412 
 0.274354  0.208748  0.204771  0.312127 
 0.274354  0.246521  0.198807  0.280318 
 0.296223  0.369781  0.208748  0.125249 
 1.000000  0.000000  0.000000  0.000000 
 0.000000  0.001988  0.000000  0.998012 
 0.000000  1.000000  0.000000  0.000000 
 0.300199  0.000000  0.019881  0.679920 

