MEME version 5.4.1 (Release date: Sat Aug 21 19:23:23 2021 -0700)

ALPHABET= ACGT

strands: + -

A 0.295 C 0.205 G 0.205 T 0.295

MOTIF	AGATBNNNNNNVNWGATAA
letter-probability matrix: alength= 4 w= 19 nsites= 533 E= 2.7e-218 
 0.664165  0.035647  0.000000  0.300188 
 0.000000  0.000000  1.000000  0.000000 
 1.000000  0.000000  0.000000  0.000000 
 0.000000  0.007505  0.000000  0.992495 
 0.084428  0.249531  0.377111  0.288931 
 0.251407  0.183865  0.215760  0.348968 
 0.253283  0.285178  0.202627  0.258912 
 0.373358  0.187617  0.202627  0.236398 
 0.354597  0.181989  0.251407  0.212008 
 0.341463  0.187617  0.212008  0.258912 
 0.202627  0.249531  0.234522  0.313321 
 0.371482  0.195122  0.260788  0.172608 
 0.257036  0.324578  0.236398  0.181989 
 0.559099  0.016886  0.013133  0.410882 
 0.000000  0.000000  1.000000  0.000000 
 1.000000  0.000000  0.000000  0.000000 
 0.000000  0.000000  0.000000  1.000000 
 0.767355  0.000000  0.000000  0.232645 
 0.579737  0.110694  0.191370  0.118199 

