MEME version 5.4.1 (Release date: Sat Aug 21 19:23:23 2021 -0700)

ALPHABET= ACGT

strands: + -

A 0.268 C 0.232 G 0.232 T 0.268

MOTIF	YTTATCTYYNNHVATCT
letter-probability matrix: alength= 4 w= 17 nsites= 73 E= 7.0e-017 
 0.054795  0.438356  0.205479  0.301370 
 0.041096  0.164384  0.068493  0.726027 
 0.150685  0.000000  0.000000  0.849315 
 1.000000  0.000000  0.000000  0.000000 
 0.000000  0.000000  0.000000  1.000000 
 0.000000  1.000000  0.000000  0.000000 
 0.260274  0.068493  0.027397  0.643836 
 0.123288  0.260274  0.178082  0.438356 
 0.095890  0.260274  0.191781  0.452055 
 0.191781  0.246575  0.205479  0.356164 
 0.205479  0.342466  0.191781  0.260274 
 0.273973  0.342466  0.164384  0.219178 
 0.383562  0.301370  0.260274  0.054795 
 0.986301  0.000000  0.013699  0.000000 
 0.000000  0.000000  0.000000  1.000000 
 0.000000  0.931507  0.027397  0.041096 
 0.205479  0.000000  0.041096  0.753425 

