MEME version 5.4.1 (Release date: Sat Aug 21 19:23:23 2021 -0700)

ALPHABET= ACGT

strands: + -

A 0.295 C 0.205 G 0.205 T 0.295

MOTIF	NAGATBNNARNNVWGATA
letter-probability matrix: alength= 4 w= 18 nsites= 496 E= 7.2e-075 
 0.233871  0.272177  0.296371  0.197581 
 0.675403  0.040323  0.020161  0.264113 
 0.004032  0.000000  0.995968  0.000000 
 1.000000  0.000000  0.000000  0.000000 
 0.000000  0.000000  0.000000  1.000000 
 0.070565  0.221774  0.387097  0.320565 
 0.213710  0.207661  0.294355  0.284274 
 0.292339  0.304435  0.223790  0.179435 
 0.479839  0.145161  0.207661  0.167339 
 0.366935  0.173387  0.316532  0.143145 
 0.233871  0.235887  0.241935  0.288306 
 0.356855  0.181452  0.278226  0.183468 
 0.266129  0.350806  0.225806  0.157258 
 0.580645  0.056452  0.030242  0.332661 
 0.000000  0.000000  1.000000  0.000000 
 0.989919  0.000000  0.000000  0.010081 
 0.000000  0.022177  0.000000  0.977823 
 0.701613  0.036290  0.028226  0.233871 

