MEME version 5.4.1 (Release date: Sat Aug 21 19:23:23 2021 -0700)

ALPHABET= ACGT

strands: + -

A 0.263 C 0.237 G 0.237 T 0.263

MOTIF	TATCTBNNDDMVATCT
letter-probability matrix: alength= 4 w= 16 nsites= 70 E= 1.7e-013 
 0.257143  0.000000  0.000000  0.742857 
 1.000000  0.000000  0.000000  0.000000 
 0.014286  0.000000  0.000000  0.985714 
 0.000000  1.000000  0.000000  0.000000 
 0.300000  0.071429  0.000000  0.628571 
 0.142857  0.242857  0.257143  0.357143 
 0.185714  0.200000  0.257143  0.357143 
 0.285714  0.271429  0.242857  0.200000 
 0.342857  0.142857  0.271429  0.242857 
 0.328571  0.100000  0.257143  0.314286 
 0.471429  0.300000  0.171429  0.057143 
 0.385714  0.342857  0.271429  0.000000 
 1.000000  0.000000  0.000000  0.000000 
 0.000000  0.000000  0.000000  1.000000 
 0.000000  1.000000  0.000000  0.000000 
 0.257143  0.000000  0.000000  0.742857 

